0
1
1
3.51049
3.51724
1
1
1
1
4
3.5
1
1
1
1
1
1
1
1
1
1
1
3.6
3.51471
1
1
3.53846
1
3.5
1
1
1
3.49669
1
3.50685
3.33333
1
3.33333
1
3.5022
1
3.5047
1
1
1
1
3.48276
1
3.50825
1
1
3.4939
3.50483
1
3.33333
1
1
1
1
1
3.66667
1
3.25
1
1
1
3.50373
1
1
1
1
1
1
1
1
3.50228
1
1
1
1
1
3.66667
1
1
1
3.5
1
1
1
1
3.49375
1
3.50633
3.5122
3.51807
3.51485
3.51282
1
1
1
1
1
1
1
3.49828
1
1
1
1
1
1
1
1
1
1
1
1
3.33333
1
1
3.50554
3.49848
3.49495
3.50862
3.5
1
1
1
1
1
1
1
3.8
1
3.5041
4
3.48571
3.50508
1
1
1
1
1
1
3.50309
1
1
3.51613
3.66667
1
1
1
1
3.25
3.496
1
1
1
3.66667
1
1
1
1
1
1
1
3.53846
4
1
1
1
1
1
3.5
1
1
1
1
3.5
3.49565
1
1
1
1
1
1
1
3.50368
1
1
1
1
1
1
1
1
1
3.5
1
3.33333
1
3.25
1
3.49843
3.50656
3.49367
1
1
1
1
1
1
1
1
1
1
3.49664
1
3.5
1
1
1
1
1
3.50375
3.50115
3.50153
3.28571
1
3.51282
3.50452
3.48235
3.51515
3.5
1
3.50286
1
1
3.25
1
1
1
1
1
1
1
1
1
1
3.50374
1
1
3.5
1
3.66667
1
1
3.66667
3.49468
1
3.5
1
1
1
1
1
3.5101
3.4939
3.66667
3.50291
1
3.49474
1
1
1
1
1
3.49828
4
3.51316
1
1
1
1
1
1
1
3.75
3.50446
1
3.50218
1
1
1
1
1
1
1
1
3.5122
1
1
1
1
3.51163
3.51376
1
3.57143
1
1
1
3.25
3.57143
1
1
1
3.4
1
1
1
3.50811
1
1
1
3.50971
1
1
1
1
1
3.5
1
1
1
1
1
1
1
1
1
1
1
1
1
3.50251
1
1
3.51852
3.50498
3.52113
3.5
1
3.49474
1
3.50755
1
3.5
1
1
1
1
1
1
3.5
1
3.50763
1
3.25
1
1
3.5
1
1
3.4966
1
3.5
3.50276
3.66667
1
1
1
1
3.50549
3.5
3.50289
1
1
1
3.53846
3.49398
3.36364
1
3.50505
3.51079
3.50279
3.49457
3.49787
1
1
1
1
1
1
3.50165
1
3.47059
1
1
1
3.50847
3.50617
3.50833
3.53846
3.50725
1
3.47368
3.47826
3.51887
3.46512
3.28571
1
1
1
1
3.33333
1
3.8
3.44444
3.52174
1
1
1
1
3.50123
1
1
1
1
1
3.51007
1
1
3.375
3.50769
3.75
1
1
3.50916
1
1
1
1
3.5099
1
1
3.50153
1
3.50617
1
1
1
3.5
1
3.51429
3.50459
1
3.4
1
1
3.51579
3.46875
3.49505
3.50258
1
1
1
1
3.47059
3.49872
1
3.5625
3.5
1
3.45455
1
1
3.49153
1
3.48649
1
3.6
1
1
1
1
3.51111
1
3.47761
3.5
3.5
3.33333
3.50382
1
1
1
3.49359
3.49635
1
1
1
3.50251
3.50826
1
3.46341
1
1
1
1
1
1
1
1
1
3.49315
3.66667
3.66667
1
3.50437
1
1
1
1
1
3.8
1
1
3.49315
1
3.5
1
1
1
1
3.49533
1
1
3.58333
1
1
1
1
1
3.50955
1
3.50459
3.49829
3.50104
1
3.50958
1
1
1
1
1
1
1
1
1
1
1
3.512
3.5
1
3.48276
1
3.5
1
3.33333
3.5
1
1
1
3.66667
3.50196
1
3.53846
1
3.66667
1
3.44
3.71429
3.41176
1
1
1
1
1
1
1
1
3.49825
1
3.33333
3.49821
3.50159
3.5
3.5
1
3.50177
3.5033
3.5
3.50143
3.5
1
3.51429
3.5
3.71429
1
1
1
3.54545
1
1
1
1
3.5
3.50754
1
3.51562
1
1
1
1
1
1
3.49839
1
1
1
1
1
1
1
1
1
3.5
3.5
1
1
3.49624
1
1
3.48718
1
3.5
1
1
3.50685
3.55556
1
3.5
1
1
3.50273
1
3.49848
1
3.66667
3.57143
1
3.49818
3.56522
1
1
1
1
1
1
1
1
1
1
3.48077
3.5035
1
1
1
1
3.5
1
1
1
1
3.50725
1
1
3.2
3.50498
1
1
1
1
1
1
1
1
1
1
1
1
1
3.49843
1
3.49462
1
1
1
3.50113
3.5
1
1
3.33333
1
1
1
1
1
1
1
1
1
1
1
1
3.33333
1
1
3.53571
1
1
3.33333
1
3.50526
1
1
1
1
1
3.36364
3.28571
3.5
3.50865
3.5
3.51136
3.50526
3.51111
3.50485
3.45946
3.50273
3.50691
3.50176
3.51471
3.52
1
3.2
1
1
1
1
1
1
3.25
1
1
1
1
3.50833
1
1
1
3.46875
1
1
1
1
1
1
1
3.50508
1
1
3.50338
1
1
1
1
1
1
1
1
3.50087
3.50513
3.49677
1
1
1
1
1
1
1
1
1
3.50785
1
1
3.4958
1
1
1
1
1
3.57143
3.46154
3.33333
3.51429
1
1
3.50661
1
1
1
3.49545
1
3.50185
3.33333
1
1
1
1
3.50389
1
1
3.49746
3.5042
3.505
1
3.50685
3.5
3.5
1
1
3.50365
3.50971
3.49541
3.50515
3.375
1
